time_bkjd,pdcsap_flux,pdcsap_flux_err,sap_quality
131.51215190,18103.03320312,4.73787880,0
131.53258644,18092.66406250,4.74343443,0
131.55302087,18099.39453125,4.74481392,0
131.57345521,18094.32617188,4.74422836,0
131.59388965,18090.81054688,4.74810314,0
131.61432419,18093.66406250,4.74468851,0
131.63475852,18097.84179688,4.74684763,0
131.65519296,18092.25585938,4.74546480,0
131.67562750,18102.67187500,4.74682903,8192
131.69606194,18095.17382812,4.74677563,0
131.71649627,18102.27539062,4.74643612,0
131.73693071,18098.34375000,4.74336147,0
131.75736525,18094.14257812,4.74546862,0
131.77779958,18091.93359375,4.74669552,0
131.79823402,18096.56640625,4.74087477,0
131.81866856,18095.95703125,4.74171209,8192
131.83910289,18091.83984375,4.74443483,0
131.85953733,18091.14062500,4.74650049,0
131.87997177,18096.97460938,4.74727106,0
131.90040621,18099.14648438,4.74668646,0
131.92084064,18095.94335938,4.74826956,0
131.94127508,18090.25585938,4.74518394,0
131.96170952,18086.85351562,4.74591827,0
131.98214395,18096.93164062,4.74726725,0
132.00257839,18103.77539062,4.74565220,0
132.02301273,18101.12890625,4.74491405,0
132.04344726,18094.30078125,4.74724531,0
132.06388170,18087.55859375,4.74674129,0
132.08431603,18093.32617188,4.74723339,0
132.10475047,18097.96484375,4.74625397,8192
132.12518501,18094.20312500,4.74407053,0
132.14561934,18104.83007812,4.74583387,0
132.16605378,18096.97265625,4.74671221,0
132.18648832,18094.83789062,4.74515724,0
132.20692275,18095.18359375,4.74311399,0
132.22735709,18090.22460938,4.74617720,0
132.24779152,18097.01367188,4.74682999,0
132.26822606,18091.84179688,4.74709654,0
132.28866040,18092.29492188,4.74614382,0
132.30909483,18088.40429688,4.74544621,0
132.32952937,18093.66601562,4.74690580,0
132.34996370,18091.49218750,4.74545908,0
132.37039814,18091.68945312,4.74754047,0
132.39083257,18077.92382812,4.74431467,0
132.41126701,18100.44335938,4.74922800,0
132.43170144,18097.51757812,4.74732590,0
132.45213588,18095.71679688,4.74590588,0
132.47257042,18092.72851562,4.74691391,0
132.49300475,18100.58203125,4.74592543,0
132.51343919,18093.91992188,4.74731350,0
132.53387352,18102.78515625,4.74650288,0
132.55430806,18080.92578125,4.74823380,0
132.57474249,18098.64843750,4.74545336,0
132.59517683,18094.61718750,4.74184704,0
132.61561136,18096.13085938,4.74655819,0
132.63604580,18086.33789062,4.74352264,0
132.65648023,18089.18359375,4.74904966,8192
132.67691457,18085.64648438,4.74738216,0
132.69734910,18091.23242188,4.74787521,0
132.71778354,18094.18750000,4.74958706,0
132.73821787,18091.36523438,4.74765348,0
132.75865241,18090.95312500,4.74384975,0
132.77908684,18094.59570312,4.74520588,0
132.79952118,18094.20312500,4.74285460,0
132.81995561,18082.49804688,4.74353027,0
132.84039014,18077.35937500,4.74300575,0
132.86082448,18093.22265625,4.74480391,0
132.88125891,18083.08593750,4.74477577,0
132.90169345,18083.48632812,4.74337196,0
132.92212778,18084.55664062,4.74228859,0
132.94256222,18093.17773438,4.74621391,0
132.96299665,18090.93164062,4.74646807,0
132.98343118,18092.66601562,4.74335814,0
133.00386552,18097.26757812,4.74741220,0
133.02429995,18091.11718750,4.74942636,0
133.04473439,18094.30859375,4.74565887,0
133.06516882,18092.46093750,4.74745846,0
133.08560325,18096.41601562,4.75122643,0
133.10603769,18092.92578125,4.74908876,0
133.12647212,18099.76171875,4.74885845,0
133.14690656,18095.57421875,4.74881220,0
133.16734099,18094.57617188,4.74810553,0
133.18777542,18087.67578125,4.74933434,8192
133.20820996,18105.14257812,4.74909401,0
133.22864429,18089.37890625,4.74931955,0
133.24907872,18094.41406250,4.74969339,0
133.26951316,18100.39648438,4.75075388,0
133.28994759,18093.67382812,4.75102806,0
133.31038202,18093.13671875,4.75273991,0
133.33081636,18096.19921875,4.75310993,0
133.35125089,18095.77734375,4.74922228,0
133.37168532,18100.93164062,4.74787998,0
133.39211976,18098.44335938,4.75176144,0
133.41255419,18110.90820312,4.75164557,0
133.43298862,18096.46093750,4.75141764,0
133.45342305,18097.43554688,4.74916697,0
133.47385739,18090.19531250,4.74763584,0
133.49429192,18102.00000000,4.74908638,0
133.51472635,18090.14453125,4.75131130,0
133.53516069,18088.13085938,4.75038147,0
133.55559522,18103.66015625,4.75252295,0
133.57602965,18094.08398438,4.74850178,0
133.59646398,18092.56445312,4.74894047,0
133.61689842,18095.52929688,4.75140476,128
133.63733295,18099.73828125,4.75275326,0
133.65776738,18090.65234375,4.74940968,0
133.67820171,18091.70507812,4.75057411,0
133.69863624,18097.36328125,4.74894619,0
133.71907068,18094.17578125,4.75378132,0
133.73950501,18098.13085938,4.75278950,0
133.75993944,18097.93750000,4.75211239,0
133.78037397,18097.75000000,4.74801970,0
133.80080831,18096.26171875,4.75143528,0
133.82124274,18096.16992188,4.75272083,0
133.84167717,18094.34570312,4.75124550,0
133.86211160,18094.34960938,4.75377178,0
133.88254603,18083.75390625,4.75279379,0
133.90298046,18094.46679688,4.75297976,8192
133.92341490,18093.56054688,4.75333071,8192
133.94384933,18092.63085938,4.75188494,0
133.96428376,18083.86914062,4.75138760,0
133.98471809,18087.36132812,4.75303173,0
134.00515262,18091.07421875,4.74944448,0
134.02558705,18091.32812500,4.75218344,0
134.04602138,18092.35156250,4.75257444,0
134.06645592,18083.36523438,4.75371313,0
134.08689035,18091.26562500,4.75416803,0
134.10732468,18092.84375000,4.75316048,0
134.12775911,18078.49023438,4.75191498,0
134.14819364,18096.30859375,4.75413370,0
134.16862807,18102.33203125,4.75405264,0
134.18906240,18100.09960938,4.75257301,0
134.20949693,18096.00781250,4.75363541,0
134.22993136,18093.74804688,4.75203609,0
134.25036569,18096.55078125,4.75285673,0
134.27080012,18089.60742188,4.75007534,0
134.29123465,18087.58203125,4.75417948,0
134.31166899,18095.29492188,4.75291395,0
134.33210342,18084.33593750,4.75256872,0
134.35253795,18091.20117188,4.75478601,0
134.37297228,18091.99023438,4.75365305,0
134.41384114,18100.64257812,4.75614166,0
134.43427557,18092.68554688,4.75142670,0
134.45471000,18094.42578125,4.75426435,0
134.47514443,18085.09375000,4.75322485,8192
134.49557896,18096.52734375,4.75511217,0
134.51601329,18102.20507812,4.75502205,128
134.53644772,18094.69531250,4.75092173,0
134.55688205,18084.10351562,4.75151634,0
134.57731658,18099.51171875,4.75140619,0
134.59775101,18088.05078125,4.74897480,0
134.61818534,18089.28906250,4.75297976,0
134.63861977,18094.83789062,4.75327206,0
134.65905430,18089.15429688,4.75448751,0
134.67948872,18091.04101562,4.75311327,0
134.69992315,18091.95898438,4.75405169,0
134.72035758,18081.16210938,4.75078583,0
134.74079201,18097.83593750,4.75525475,0
134.76122634,18090.97656250,4.75513649,0
134.78166077,18093.70117188,4.75519657,0
134.80209530,18093.99804688,4.75488091,0
134.82252973,18090.59179688,4.75473022,0
134.84296406,18090.02343750,4.75460625,0
134.86339859,18098.54101562,4.75727034,0
134.88383302,18090.17187500,4.75430107,0
134.90426744,18092.75390625,4.75779343,0
134.92470177,18094.72851562,4.75574160,0
134.94513630,18091.60156250,4.75659323,0
134.96557073,18088.93359375,4.75619125,0
134.98600506,18093.25976562,4.75683069,0
135.00643959,18095.71093750,4.75830126,0
135.02687402,18098.36328125,4.75650740,0
135.04730834,18092.56835938,4.75697899,0
135.06774277,18095.08203125,4.75695419,0
135.08817730,18094.12109375,4.75778341,0
135.10861163,18100.44921875,4.75920725,0
135.12904606,18100.55273438,4.75753117,0
135.14948059,18089.09765625,4.75488472,0
135.16991501,18088.40234375,4.75742722,0
135.19034934,18097.98242188,4.75746632,0
135.21078377,18098.73242188,4.75427389,0
135.23121830,18088.77539062,4.75739336,0
135.25165262,18098.28125000,4.75571060,0
135.27208705,18096.64843750,4.75751591,0
135.29252138,18101.14843750,4.75658417,0
135.31295591,18096.57812500,4.75650120,0
135.33339034,18093.25976562,4.75722361,0
135.35382466,18094.86914062,4.75885010,0
135.37425919,18095.76562500,4.75709343,0
135.39469362,18099.39843750,4.75715828,0
135.41512804,18092.34179688,4.75751305,0
135.43556237,18100.95507812,4.75842571,0
135.45599690,18093.60546875,4.75823689,0
135.47643133,18093.64062500,4.75732470,0
135.49686565,18093.05664062,4.75870848,0
135.51730018,18098.45117188,4.75733805,0
135.53773461,18087.90039062,4.75700808,0
135.55816893,18088.21093750,4.75704336,0
135.57860336,18096.27734375,4.75943232,0
135.59903789,18090.01562500,4.75933027,0
135.61947221,18088.97070312,4.75688028,0
135.63990664,18091.44921875,4.75794935,0
135.66034117,18094.70312500,4.75609064,0
135.68077559,18095.17187500,4.75862122,0
135.70120992,18087.87500000,4.75826168,0
135.72164435,18092.10546875,4.75883293,0
135.74207887,18098.53710938,4.75840664,0
135.76251320,18091.69335938,4.75593758,0
135.78294762,18083.90234375,4.75758791,8192
135.80338215,18096.81445312,4.75824785,0
135.82381648,18080.28710938,4.75605917,0
135.84425090,18096.80468750,4.75920963,8192
135.86468533,18093.63085938,4.75778198,0
135.88511975,18090.67382812,4.75811958,0
135.90555418,18095.83007812,4.75784683,0
135.92598860,18094.71289062,4.75551033,0
135.94642293,18092.04101562,4.75766850,0
135.96685746,18102.85937500,4.75906467,0
135.98729188,18087.16796875,4.75305796,0
136.00772621,18104.67773438,4.75719023,0
136.02816073,18090.43554688,4.75713301,0
136.04859516,18097.25000000,4.75876999,0
136.06902948,18086.99218750,4.75889111,0
136.08946391,18091.35546875,4.75916719,0
136.10989843,18102.43554688,4.75778913,0
136.13033286,18083.88281250,4.75826263,8192
136.15076718,18092.46875000,4.75866318,0
136.17120171,18091.89453125,4.75933695,0
136.19163613,18095.88867188,4.75995350,0
136.21207046,18093.52539062,4.75800371,0
136.23250488,18097.07617188,4.75910521,0
136.25293941,18097.28906250,4.75871801,0
136.27337373,18090.10546875,4.75638342,0
136.29380815,18091.37695312,4.75706005,0
136.31424268,18084.94921875,4.75494337,0
136.33467700,18088.09570312,4.75619984,0
136.35511143,18091.43554688,4.75356483,0
136.37554585,18090.63476562,4.75794172,0
136.39598028,18092.30664062,4.75801754,0
136.41641470,18090.98437500,4.75997162,0
136.43684912,18090.99218750,4.76087379,128
136.45728365,18090.02539062,4.75933695,0
136.47771797,18087.22070312,4.75756741,0
136.49815239,18080.43554688,4.75614214,0
136.51858682,18095.65625000,4.75902653,0
136.53902124,18087.41796875,4.75908804,0
136.55945567,18084.58789062,4.75817966,0
136.57989009,18093.01953125,4.75998116,0
136.60032451,18099.50781250,4.75976706,0
136.62075894,18086.09179688,4.75977707,0
136.64119336,18083.93164062,4.75779438,0
136.66162778,18088.57226562,4.76020575,0
136.68206221,18092.75976562,4.75947475,0
136.70249663,18082.77929688,4.75901937,0
136.72293105,18094.16406250,4.75936508,0
136.74336537,18092.99804688,4.75918674,0
136.76379990,18087.37109375,4.75904131,0
136.78423432,18090.44921875,4.75959539,0
136.80466864,18089.57031250,4.76024389,0
136.82510317,18094.49218750,4.75961494,0
136.84553759,18086.16406250,4.76003981,0
136.86597201,18095.34375000,4.76025295,0
136.88640633,18091.02343750,4.76018476,0
136.90684086,18090.90039062,4.75681496,0
136.92727528,18081.32812500,4.75835943,0
136.94770960,18089.54296875,4.75998211,0
136.96814412,18093.93359375,4.75811577,0
136.98857854,18088.80273438,4.75883532,0
137.00901287,18103.50000000,4.75851536,0
137.02944729,18090.72460938,4.75919008,0
137.04988181,18088.57226562,4.75914431,0
137.07031613,18089.08398438,4.75942898,0
137.09075055,18090.22265625,4.75922489,0
137.11118508,18092.71093750,4.76026011,0
137.13161940,18095.24414062,4.75883102,0
137.15205382,18093.36132812,4.75918770,0
137.17248824,18089.71289062,4.75870562,0
137.19292276,18085.44531250,4.75899601,0
137.21335708,18091.01171875,4.75711060,0
137.23379150,18097.50000000,4.75870800,0
137.25422582,18088.92578125,4.75755930,0
137.27466035,18094.43554688,4.75749588,0
137.29509477,18089.10742188,4.75825119,0
137.31552909,18098.21093750,4.75980711,0
137.33596361,18089.96484375,4.75970411,0
137.35639803,18085.79492188,4.75748491,0
137.39726677,18089.99609375,4.75714874,0
137.41770129,18087.23242188,4.75945950,0
137.43813571,18093.46484375,4.75942421,0
137.45857003,18094.76171875,4.75720930,0
137.47900455,18095.30468750,4.75726271,0
137.49943897,18096.92382812,4.75911379,0
137.51987329,18092.88671875,4.75871229,0
137.54030771,18088.91601562,4.75631142,0
137.56074223,18095.46679688,4.75724411,0
137.58117655,18096.27148438,4.75873137,0
137.60161097,18097.73828125,4.76040506,0
137.62204549,18097.33007812,4.75691223,0
137.64247991,18089.04687500,4.75777721,0
137.66291423,18080.06640625,4.75854111,0
137.68334865,18103.25585938,4.76079464,0
137.70378317,18088.85546875,4.75881052,0
137.72421749,18083.46679688,4.75707817,0
137.74465191,18095.32421875,4.75656128,0
137.76508643,18084.71484375,4.75717449,0
137.78552075,18088.66406250,4.75893831,0
137.80595517,18092.58984375,4.75951052,128
137.82638949,18080.87500000,4.75789499,0
137.84682401,18095.18750000,4.76070070,0
137.86725843,18085.01953125,4.75700283,0
137.88769285,18080.58789062,4.75681210,0
137.90812716,18086.06835938,4.75912189,0
137.92856168,18090.21484375,4.75444317,0
137.94899610,18088.12304688,4.75706911,0
137.96943042,18085.91406250,4.75447750,0
137.98986494,18093.45703125,4.76029873,0
138.01029936,18089.24804688,4.75704908,0
138.03073368,18086.26757812,4.75639963,0
138.05116809,18086.26757812,4.75287390,0
138.07160261,18076.22070312,4.75661039,0
138.09203703,18090.78710938,4.75729036,0
138.11247135,18105.20898438,4.75893259,0
138.13290587,18103.91406250,4.75997257,128
138.15334028,18093.28125000,4.75789452,0
138.17377460,18080.97656250,4.75263500,8192
138.19420902,18086.49804688,4.76036024,0
138.21464354,18099.82031250,4.75651407,0
138.23507796,18088.38476562,4.76081228,0
138.25551227,18091.62109375,4.76258850,0
138.27594679,18086.25000000,4.75834370,0
138.29638121,18092.72656250,4.76166821,8192
138.31681552,18093.88281250,4.76058912,0
138.33724994,18087.47460938,4.75699902,0
138.35768446,18095.38085938,4.75792265,0
138.37811888,18091.15625000,4.75813055,8192
138.39855319,18085.03710938,4.75754642,0
138.41898771,18078.40234375,4.75656462,0
138.43942213,18088.77929688,4.75958681,0
138.45985644,18096.66992188,4.75940609,0
138.48029086,18091.85937500,4.76101303,0
138.50072538,18080.57812500,4.76058054,0
138.52115969,18088.35742188,4.76112175,0
138.54159411,18075.31835938,4.76155043,0
138.56202853,18075.31054688,4.75978756,0
138.58246294,18075.51171875,4.75741768,0
138.60289736,18089.22460938,4.75906754,0
138.62333178,18085.32031250,4.75821877,0
138.64376619,18083.05468750,4.75969744,0
138.66420061,18087.14648438,4.75994349,0
138.68463502,18080.18750000,4.75859451,0
138.70506934,18085.88476562,4.75801897,0
138.72550386,18092.44726562,4.76120186,0
138.74593827,18089.60351562,4.75761938,0
138.76637259,18083.67968750,4.75760794,0
138.78680710,18082.28710938,4.75969839,0
138.80724152,18094.40039062,4.75401592,0
138.82767583,18090.97460938,4.76033735,0
138.84811025,18088.14453125,4.76168633,0
138.86854476,18077.39062500,4.76002645,0
138.88897918,18086.48828125,4.76136684,0
138.90941349,18086.05859375,4.76317692,0
138.92984801,18083.93554688,4.76019430,0
138.95028242,18079.27343750,4.76225042,0
138.97071674,18076.55664062,4.75740719,0
138.99115115,18083.39453125,4.75771332,0
139.01158567,18091.42773438,4.75995302,0
139.03201998,18081.79882812,4.75983238,0
139.05245440,18084.61523438,4.75843954,0
139.07288891,18087.21289062,4.75924778,0
139.09332323,18085.65234375,4.75574827,0
139.11375764,18090.01953125,4.75871849,0
139.13419206,18083.00585938,4.75743484,0
139.15462647,18084.81445312,4.75519562,0
139.17506088,18093.94726562,4.76021814,0
139.19549530,18084.41406250,4.76021862,0
139.21592961,18080.22070312,4.75870752,0
139.23636412,18087.16992188,4.76354408,0
139.25679854,18084.86718750,4.75832367,0
139.27723285,18085.69531250,4.75816202,0
139.29766737,18090.72656250,4.75960588,0
139.31810178,18085.53710938,4.76226330,0
139.33853619,18084.59765625,4.76098871,0
139.35897051,18083.51757812,4.76055336,0
139.37940502,18084.40625000,4.75745392,0
139.39983943,18083.07617188,4.75339746,0
139.42027375,18075.93945312,4.75263739,0
139.44070826,18087.56445312,4.76007414,0
139.46114267,18079.48437500,4.75917578,0
139.48157698,18078.20703125,4.75696421,0
139.50201140,18090.90039062,4.75868607,0
139.52244591,18075.95898438,4.75613451,0
139.54288022,18075.50781250,4.75534868,0
139.56331464,18085.78906250,4.75818205,0
139.58374915,18084.82812500,4.75719833,0
139.60418346,18078.91210938,4.75137472,0
139.62461787,18079.21484375,4.75273228,8192
139.64505228,18079.81054688,4.75114059,0
139.66548680,18081.08203125,4.74703884,0
139.68592111,18085.78710938,4.74925089,0
139.70635552,18076.37500000,4.75268555,0
139.72678993,18077.20703125,4.75108051,0
139.74722434,18083.78320312,4.75219965,0
139.76765876,18086.22460938,4.75399971,0
139.78809317,18084.28906250,4.75592518,0
139.80852758,18080.49218750,4.75182104,0
139.82896199,18083.21093750,4.75062943,0
139.84939640,18085.92578125,4.75657225,0
139.86983081,18077.95703125,4.74935055,0
139.89026522,18084.47265625,4.75733471,0
139.91069964,18081.82031250,4.75863600,0
139.93113405,18083.37695312,4.75350761,0
139.95156856,18075.24218750,4.75200844,0
139.97200287,18082.35937500,4.75242424,0
139.99243728,18076.92382812,4.74948120,0
140.01287159,18081.93750000,4.76085138,0
140.03330610,18084.17968750,4.75500727,0
140.05374051,18082.63281250,4.75775671,8192
140.07417492,18074.29101562,4.75028753,0
140.09460933,18071.63867188,4.75375843,0
140.11504374,18076.89843750,4.75403643,0
140.13547815,18087.77539062,4.75021696,0
140.15591246,18076.93945312,4.75751638,0
140.17634697,18086.89062500,4.74910355,0
140.19678138,18069.62304688,4.75230789,0
140.21721569,18084.22656250,4.75341511,0
140.23765020,18081.51562500,4.75216293,0
140.25808461,18074.03320312,4.75370359,0
140.27851892,18081.67773438,4.75497866,0
140.29895333,18083.78710938,4.75815725,0
140.31938784,18078.13281250,4.75713110,0
140.33982215,18090.21093750,4.75987101,0
140.38069097,18082.01953125,4.75828218,0
140.40112548,18082.03320312,4.76173639,0
140.42155979,18079.65820312,4.75603771,0
140.44199420,18079.27539062,4.75147772,0
140.46242870,18072.42578125,4.75123596,0
140.48286301,18077.83007812,4.75239038,0
140.50329742,18075.52929688,4.75737715,0
140.52373173,18082.32812500,4.75479794,0
140.54416624,18079.04101562,4.75666142,0
140.56460065,18075.81250000,4.75387383,0
140.58503506,18084.26953125,4.75833225,0
140.60546946,18075.35742188,4.75226498,8192
140.62590387,18073.68554688,4.74699593,0
140.64633828,18070.21679688,4.74785900,0
140.66677259,18080.74023438,4.75145197,0
140.68720710,18083.26757812,4.75054502,0
140.70764150,18074.21484375,4.75298405,0
140.72807581,18079.44140625,4.75363779,0
140.74851032,18066.18554688,4.75382328,0
140.76894473,18076.28320312,4.75355482,0
140.78937903,18075.83789062,4.74913645,0
140.80981344,18071.94921875,4.75385284,0
140.83024795,18084.22460938,4.75046349,0
140.85068236,18086.07421875,4.75962019,0
140.87111666,18075.41796875,4.75550175,0
140.89155107,18086.66601562,4.75766802,0
140.91198558,18074.14453125,4.75882530,0
140.93241988,18072.16210938,4.76163387,8192
140.95285429,18080.69726562,4.75833178,0
140.97328880,18074.23828125,4.76014566,0
140.99372310,18075.00390625,4.75980949,128
141.01415751,18072.33007812,4.75606775,0
141.03459192,18077.73632812,4.75608063,0
141.05502632,18072.12695312,4.75620174,128
141.07546073,18073.55859375,4.75723696,0
141.09589514,18081.24414062,4.75785208,0
141.11632954,18088.04687500,4.75728083,0
141.13676395,18074.98046875,4.75832987,0
141.15719835,18080.06640625,4.75813055,0
141.17763266,18079.52539062,4.75976229,0
141.19806717,18075.22460938,4.75841045,0
141.21850157,18077.70117188,4.75616837,0
141.23893588,18078.00976562,4.75546074,0
141.25937038,18071.36523438,4.75560617,0
141.27980479,18078.29882812,4.75917625,0
141.30023909,18075.79882812,4.76004076,0
141.32067350,18079.23632812,4.75822544,0
141.34110800,18076.56250000,4.76310778,0
141.36154241,18081.57812500,4.76104116,0
141.38197671,18074.58984375,4.76133776,0
141.40241112,18074.61132812,4.75614977,0
141.42284562,18080.79296875,4.76065302,0
141.44328003,18081.38476562,4.76002121,0
141.46371433,18079.09570312,4.75764799,0
141.48414884,18076.50390625,4.75935268,0
141.50458324,18079.90820312,4.76199007,0
141.52501755,18082.67578125,4.76285839,0
141.54545195,18078.26562500,4.76409435,0
141.56588635,18077.50781250,4.76294851,0
141.58632086,18077.93750000,4.76202869,0
141.60675516,18076.73437500,4.76290560,0
141.62718967,18085.82226562,4.76433039,128
141.64762407,18078.93359375,4.75755930,0
141.66805837,18076.79492188,4.76335526,0
141.68849278,18080.99218750,4.75972748,0
141.70892728,18076.39062500,4.76208782,0
141.72936158,18081.22070312,4.75961971,0
141.74979599,18081.16210938,4.76293039,0
141.77023049,18083.65429688,4.76288748,0
141.79066479,18081.43554688,4.76277113,0
141.81109920,18082.38671875,4.75993061,0
141.83153360,18071.47851562,4.76324844,0
141.85196800,18079.04101562,4.76275110,0
141.87240240,18077.84570312,4.75883818,0
141.89283681,18077.62890625,4.76171255,0
141.91327131,18084.85546875,4.76157904,0
141.93370561,18079.89453125,4.76133776,0
141.95414001,18091.33984375,4.76332808,0
141.97457432,18083.35546875,4.76004839,0
141.99500882,18074.29687500,4.76310873,0
142.01544322,18080.05273438,4.76121283,0
142.03587752,18079.24414062,4.76220989,0
142.05631193,18077.60546875,4.76203823,0
142.07674643,18072.87500000,4.76048660,0
142.09718083,18085.14648438,4.76063728,0
142.11761513,18080.78906250,4.76333189,0
142.13804963,18087.48437500,4.76186609,0
142.15848403,18076.42968750,4.76135111,8192
142.17891834,18087.83789062,4.76215839,0
142.19935274,18078.38085938,4.76035023,0
142.21978724,18081.89453125,4.76397848,0
142.24022154,18082.18359375,4.76407003,0
142.26065594,18069.70507812,4.76293993,0
142.28109044,18078.74414062,4.76339436,0
142.30152474,18073.79687500,4.76337576,0
142.32195914,18086.23828125,4.76370096,0
142.34239354,18091.21679688,4.76134396,0
142.36282804,18079.72070312,4.76119375,8192
142.38326234,18082.39648438,4.76040220,8192
142.40369674,18081.86132812,4.76275444,8192
142.42413124,18078.00976562,4.76353455,0
142.44456554,18074.09179688,4.75956202,0
142.46499994,18082.41015625,4.76279068,0
142.48543424,18085.32812500,4.76405334,0
142.50586874,18083.58398438,4.76494694,0
142.52630314,18072.98437500,4.76192808,0
142.54673754,18086.17773438,4.76309729,0
142.56717184,18078.66992188,4.76505661,0
142.58760634,18081.17187500,4.76169491,0
142.60804074,18080.22070312,4.76269436,0
142.62847504,18076.95312500,4.76266718,0
142.64890954,18077.49023438,4.76197243,0
142.66934394,18076.63867188,4.76354504,0
142.68977824,18093.71484375,4.76638651,0
142.71021264,18083.72265625,4.76570845,0
142.73064714,18087.10742188,4.76424551,0
142.75108144,18074.94335938,4.76418352,0
142.77151583,18077.80664062,4.76626348,0
142.79195033,18086.81640625,4.76552820,0
142.81238463,18084.53125000,4.76548910,0
142.83281903,18080.73242188,4.76677752,0
142.85325343,18085.82617188,4.76545858,0
142.87368793,18086.66796875,4.76610756,0
142.89412222,18084.29492188,4.76629972,0
142.91455662,18078.11132812,4.76486015,0
142.93499112,18079.30273438,4.76535702,0
142.95542542,18082.31250000,4.76547623,0
142.97585982,18076.12109375,4.76622391,0
142.99629411,18081.43750000,4.76590252,0
143.01672861,18085.19335938,4.76690435,0
143.03716301,18079.74023438,4.76520061,0
143.05759741,18080.01367188,4.76810217,0
143.07803180,18077.75781250,4.76798773,0
143.09846620,18082.59179688,4.76723242,0
143.11890060,18079.36718750,4.76922321,0
143.13933499,18095.87890625,4.76675606,0
143.15976939,18073.93164062,4.76611042,0
143.18020379,18082.99804688,4.76772261,0
143.20063808,18090.10351562,4.76852369,0
143.22107248,18080.51171875,4.76663017,0
143.24150698,18077.25976562,4.76584101,0
143.26194137,18085.25390625,4.76536512,0
143.28237577,18082.61328125,4.76757765,0
143.30281017,18086.47070312,4.76780605,0
143.32324456,18084.34960938,4.76558685,0
143.36411325,18076.20117188,4.76341152,0
143.38454775,18084.73828125,4.76385880,0
143.40498215,18091.68554688,4.76626682,0
143.42541644,18083.85937500,4.76545382,0
143.44585094,18092.30859375,4.76315069,0
143.46628533,18085.57226562,4.76484299,0
143.48671963,18087.95898438,4.76540422,0
143.50715402,18084.95703125,4.76450920,0
143.52758852,18084.81445312,4.76680136,0
143.54802291,18083.34179688,4.76585722,0
143.56845721,18093.10156250,4.76768875,0
143.58889170,18088.41601562,4.76502657,8192
143.60932610,18087.58789062,4.76701975,0
143.62976039,18077.83203125,4.76568747,0
143.65019479,18085.35351562,4.76769114,0
143.67062928,18091.78515625,4.76693106,0
143.69106357,18080.73632812,4.76720858,8192
143.71149797,18088.99414062,4.76693630,0
143.73193236,18092.45312500,4.76673746,0
143.75236676,18088.01757812,4.76765490,0
143.77280115,18091.83007812,4.76475763,0
143.79323554,18084.72460938,4.76756859,0
143.81366994,18079.54296875,4.76532936,0
143.83410433,18086.62109375,4.76787853,0
143.85453873,18083.83789062,4.76323748,0
143.87497302,18084.50781250,4.76534986,0
143.89540751,18097.20703125,4.76605988,0
143.91584190,18088.00390625,4.76857901,0
143.93627620,18085.51562500,4.76564264,0
143.95671069,18089.20703125,4.76922369,0
143.97714508,18092.82226562,4.76796770,0
143.99757938,18084.58789062,4.76786995,0
144.01801377,18090.45898438,4.76601553,0
144.03844826,18094.90820312,4.76530504,0
144.05888265,18076.56250000,4.76366377,0
144.07931695,18092.10546875,4.76630449,0
144.09975144,18086.73046875,4.76538420,0
144.12018583,18095.02148438,4.76734400,0
144.14062012,18083.23046875,4.76521730,0
144.16105452,18098.02148438,4.76629448,0
144.18148901,18090.37890625,4.76300383,0
144.20192330,18086.62695312,4.76383400,0
144.22235769,18089.69335938,4.76507092,0
144.24279218,18098.55078125,4.76835632,0
144.26322647,18091.68554688,4.76559830,0
144.28366087,18079.01953125,4.76757765,0
144.30409526,18075.39257812,4.76685333,0
144.32452965,18089.59375000,4.76648760,0
144.34496404,18092.83007812,4.76937771,0
144.36539843,18088.76953125,4.76669979,0
144.38583272,18085.57617188,4.76551199,0
144.40626721,18085.03320312,4.76481867,0
144.42670160,18098.96484375,4.76468945,0
144.44713589,18093.55468750,4.76495218,0
144.46757038,18084.15625000,4.76845980,0
144.48800477,18086.59960938,4.76681995,0
144.50843906,18088.60351562,4.76580620,0
144.52887345,18093.91015625,4.76665306,0
144.54930794,18085.21289062,4.76577854,0
144.56974233,18089.51757812,4.76657772,0
144.59017662,18096.63281250,4.76667690,0
144.61061111,18093.45312500,4.76555252,0
144.63104550,18085.36718750,4.76494789,0
144.65147979,18102.40820312,4.77060699,0
144.67191418,18097.34179688,4.76768970,0
144.69234867,18090.94140625,4.76731873,0
144.71278296,18088.52929688,4.76798630,0
144.73321735,18094.03125000,4.76669359,0
144.75365184,18094.53320312,4.77039623,0
144.77408613,18104.15039062,4.76737976,0
144.79452052,18093.89453125,4.76699162,0
144.81495491,18098.30468750,4.76578093,0
144.83538939,18087.05273438,4.76302576,0
144.85582368,18094.20703125,4.77071524,0
144.87625807,18093.73828125,4.76592731,0
144.89669246,18091.60937500,4.76766920,0
144.91712685,18099.74414062,4.76445436,0
144.93756124,18098.02343750,4.76272297,0
144.95799562,18099.55859375,4.76677465,0
144.97843011,18102.86328125,4.76337671,0
144.99886440,18102.45507812,4.76733732,0
145.01929879,18089.55468750,4.75814438,0
145.03973317,18093.28125000,4.76338720,0
145.06016756,18102.97851562,4.76779890,0
145.08060195,18096.93164062,4.76084566,0
145.10103634,18103.87109375,4.76285458,0
145.12147082,18091.70312500,4.75989580,0
145.14190511,18085.25585938,4.76025915,0
145.16233950,18099.50390625,4.76386452,0
145.18277378,18099.79492188,4.76512098,0
145.20320827,18096.60546875,4.76536322,0
145.22364266,18091.70312500,4.75878429,0
145.24407694,18106.15234375,4.76237059,0
145.26451143,18091.54492188,4.75979662,0
145.28494582,18096.54882812,4.75862312,0
145.30538020,18102.02929688,4.76163626,0
145.32581449,18109.80078125,4.75912380,0
145.34624898,18100.44140625,4.76226187,0
145.36668336,18097.96484375,4.76147699,0
145.38711765,18101.63476562,4.76594162,0
145.40755213,18098.97265625,4.76391554,0
145.42798652,18093.86328125,4.76220465,0
145.44842080,18094.10351562,4.76036263,0
145.46885519,18097.64648438,4.76190996,0
145.48928967,18098.83007812,4.76485825,0
145.50972396,18101.00195312,4.76430607,0
145.53015834,18103.64062500,4.76240063,0
145.55059273,18101.10937500,4.76463795,0
145.57102721,18093.42187500,4.75927639,0
145.59146150,18093.21679688,4.76002884,0
145.61189588,18097.71289062,4.76247692,0
145.63233037,18102.81640625,4.75554991,0
145.65276465,18102.22851562,4.76476145,0
145.67319904,18102.00585938,4.76068068,0
145.69363332,18105.41992188,4.75965214,0
145.71406780,18101.64843750,4.76320028,0
145.73450219,18101.08203125,4.76710939,0
145.75493657,18086.69531250,4.76806498,8192
145.77537096,18098.57421875,4.76670408,0
145.79580534,18098.31445312,4.76738119,0
145.81623972,18098.53710938,4.76344061,0
145.83667401,18096.84765625,4.76455832,0
145.85710849,18098.74609375,4.76598454,0
145.87754287,18101.75000000,4.76871634,128
145.89797716,18100.80273438,4.76487637,0
145.91841164,18100.93750000,4.76285696,8192
145.93884602,18100.37109375,4.76053715,0
145.95928031,18100.38281250,4.76244783,0
145.97971469,18097.44531250,4.76679039,0
146.00014917,18092.54882812,4.76387453,0
146.02058355,18097.12304688,4.76376152,0
146.04101783,18093.91015625,4.76779127,0
146.06145232,18094.05859375,4.76905489,0
146.08188670,18091.91601562,4.76369143,0
146.10232098,18106.56054688,4.77001143,0
146.12275536,18104.15625000,4.76829672,0
146.14318985,18091.64648438,4.76545620,0
146.16362413,18101.45312500,4.76786757,0
146.18405851,18100.78710938,4.76890755,0
146.20449289,18092.90625000,4.76748276,0
146.22492727,18099.85156250,4.76501751,0
146.24536165,18095.43359375,4.77093410,0
146.26579603,18102.87695312,4.76610804,0
146.28623041,18090.27734375,4.76459217,8192
146.30666480,18098.07031250,4.76812029,0
146.34753346,18098.43359375,4.76902008,0
146.36796794,18094.72851562,4.76946974,0
146.38840232,18095.06835938,4.77023363,0
146.40883660,18093.68164062,4.76964998,0
146.42927108,18104.92968750,4.77213430,0
146.44970546,18103.43554688,4.77259588,0
146.47013974,18089.89453125,4.77010107,0
146.49057422,18104.56640625,4.77125978,0
146.51100860,18091.39648438,4.77120495,0
146.53144298,18098.86718750,4.77072906,0
146.55187726,18105.93750000,4.77230740,0
146.57231174,18110.81640625,4.77207422,0
146.59274612,18097.93164062,4.76709509,0
146.61318050,18096.25000000,4.76756048,0
146.63361478,18102.38085938,4.76667643,0
146.65404925,18095.63867188,4.76667404,0
146.67448363,18110.00000000,4.76787663,0
146.69491791,18098.63281250,4.76837158,0
146.71535239,18091.68945312,4.76641798,0
146.73578677,18100.64453125,4.76850319,0
146.75622115,18097.24023438,4.76639366,0
146.77665543,18091.28125000,4.76437330,0
146.79708990,18109.46484375,4.76934862,0
146.81752428,18096.79492188,4.77135515,0
146.83795856,18103.58593750,4.77038002,0
146.85839294,18099.76171875,4.76697493,0
146.87882742,18103.63476562,4.76933861,0
146.89926169,18097.50976562,4.76742029,0
146.91969607,18104.78320312,4.76616573,0
146.94013055,18103.18750000,4.76891088,0
146.96056483,18097.18945312,4.76501894,0
146.98099920,18087.72851562,4.76634693,0
147.00143358,18105.37109375,4.77050495,0
147.02186796,18102.58398438,4.76955843,0
147.04230233,18107.58984375,4.77160263,0
147.06273671,18099.90429688,4.76773071,0
147.08317119,18103.51757812,4.77026844,0
147.10360546,18108.68359375,4.76957226,0
147.12403984,18104.78320312,4.77049208,0
147.14447412,18100.38671875,4.76509619,0
147.16490859,18109.39648438,4.77032375,0
147.18534297,18114.66210938,4.77040243,8320
147.20577725,18103.10546875,4.76369810,0
147.22621172,18096.84960938,4.76790762,0
147.24664610,18108.50781250,4.76731157,0
147.26708047,18106.73242188,4.76864529,8192
147.28751475,18106.67187500,4.76896477,0
147.30794922,18108.69335938,4.77011681,0
147.32838360,18104.32617188,4.76721048,8192
147.34881787,18104.11523438,4.76647472,0
147.36925225,18104.42773438,4.76741028,0
147.38968672,18099.92187500,4.76872253,8192
147.41012100,18108.69726562,4.77233315,0
147.43055537,18106.68554688,4.76763773,0
147.45098985,18112.15625000,4.76286173,0
147.47142412,18098.02343750,4.76603603,0
147.49185850,18101.63867188,4.76661110,0
147.51229287,18120.19531250,4.76891232,0
147.53272735,18106.12109375,4.76795340,0
147.55316162,18102.96289062,4.76774740,0
147.57359599,18105.72265625,4.77018547,0
147.59403047,18102.78710938,4.76332617,0
147.61446474,18100.14062500,4.76205063,0
147.63489912,18105.50781250,4.76855469,0
147.65533339,18111.79882812,4.76592636,0
147.67576786,18104.98242188,4.76688337,0
147.69620224,18101.80078125,4.76755142,0
147.71663651,18111.32617188,4.77101946,0
147.73707098,18106.99218750,4.77022362,0
147.75750535,18101.58593750,4.76488018,0
147.77793973,18105.60156250,4.76841068,0
147.79837400,18104.29101562,4.76779032,0
147.81880847,18103.86914062,4.76847506,0
147.83924284,18099.13867188,4.76888847,0
147.85967712,18104.61328125,4.76938820,0
147.88011149,18115.00390625,4.76830626,0
147.92098023,18104.41406250,4.76908875,0
147.94141461,18107.82226562,4.77142143,0
147.96184908,18109.42382812,4.76689529,0
147.98228335,18108.64648438,4.76531696,0
148.00271772,18111.55468750,4.76911497,0
148.02315209,18108.17382812,4.76488543,0
148.04358656,18118.65039062,4.76720905,0
148.06402083,18100.31250000,4.76467419,0
148.08445520,18110.12500000,4.76732826,0
148.10488968,18097.86718750,4.76567984,0
148.12532395,18110.18750000,4.76934624,0
148.14575832,18107.44531250,4.76150227,0
148.16619269,18110.92968750,4.76803875,8192
148.18662706,18113.41601562,4.77006865,0
148.20706143,18102.17578125,4.76979733,0
148.22749580,18096.43554688,4.76381302,0
148.24793027,18110.36718750,4.77113295,0
148.26836454,18107.14453125,4.77280521,0
148.28879891,18099.66796875,4.76896906,0
148.30923328,18105.41015625,4.76879215,0
148.32966765,18118.27929688,4.77430153,0
148.35010202,18108.28515625,4.76744080,0
148.37053639,18102.23828125,4.77025032,0
148.39097066,18105.84375000,4.76772070,0
148.41140513,18103.41015625,4.76981211,0
148.43183949,18100.20898438,4.76649046,0
148.45227386,18106.39843750,4.77147770,0
148.47270823,18102.77148438,4.76950359,0
148.49314260,18102.56445312,4.77350330,0
148.51357697,18110.37695312,4.77298737,0
148.53401124,18115.26953125,4.77106762,0
148.55444571,18108.43554688,4.77362967,0
148.57488007,18119.89648438,4.77056026,0
148.59531434,18106.00976562,4.77247572,0
148.61574881,18113.23046875,4.77243853,0
148.63618318,18098.97656250,4.77110815,0
148.65661745,18111.04101562,4.77017117,0
148.67705181,18111.97265625,4.77147436,0
148.69748628,18104.94921875,4.76924276,0
148.71792055,18099.81445312,4.77273989,0
148.73835492,18107.18750000,4.77494717,0
148.75878938,18106.08593750,4.77234268,0
148.77922375,18108.27343750,4.77351189,0
148.79965802,18102.99609375,4.77310848,0
148.82009238,18103.20312500,4.77303886,0
148.84052685,18108.65820312,4.77157593,0
148.86096112,18103.41015625,4.77337360,0
148.88139548,18110.57421875,4.77240753,0
148.90182995,18107.40039062,4.77169180,0
148.92226422,18110.45312500,4.77378607,0
148.94269858,18105.23437500,4.77683496,0
148.96313295,18110.03710938,4.77423906,0
148.98356731,18110.65820312,4.77251148,0
149.00400168,18101.93945312,4.76929331,0
149.02443604,18109.48242188,4.77607298,0
149.04487031,18101.66406250,4.77320576,0
149.06530478,18108.98437500,4.77337217,0
149.08573914,18105.20898438,4.77180576,0
149.10617341,18099.55859375,4.77373934,0
149.12660787,18109.54296875,4.77395153,0
149.14704224,18101.69335938,4.77258348,0
149.16747650,18104.49414062,4.77299309,0
149.18791086,18103.50976562,4.77220011,0
149.20834533,18108.04296875,4.77451754,0
149.22877969,18106.90039062,4.77514601,0
149.24921396,18104.15429688,4.77417088,0
149.26964842,18111.30664062,4.77544975,0
149.29008279,18106.98437500,4.77545214,0
149.33095141,18104.55664062,4.77318621,0
149.35138588,18102.71093750,4.77396202,0
149.37182014,18115.61523438,4.77515888,128
149.39225450,18097.77148438,4.77309752,0
149.41268897,18105.19531250,4.77525330,0
149.43312323,18105.33789062,4.77490997,0
149.45355759,18106.27539062,4.77687073,0
149.47399196,18103.49804688,4.77466059,0
149.49442632,18103.79101562,4.77424145,0
149.51486068,18108.56445312,4.77660227,0
149.53529504,18103.87304688,4.77384758,0
149.55572951,18115.81445312,4.77400780,0
149.57616377,18101.81835938,4.77280998,0
149.59659813,18113.67382812,4.77559328,0
149.61703239,18110.13085938,4.77759600,0
149.63746685,18095.08007812,4.77627182,0
149.65790122,18106.41015625,4.77572632,0
149.67833548,18109.52539062,4.77365351,0
149.69876984,18105.98828125,4.77323151,0
149.71920430,18106.92578125,4.77205086,0
149.73963866,18093.86328125,4.77369404,0
149.76007292,18096.78125000,4.77272987,0
149.78050738,18098.65429688,4.77551079,0
149.80094175,18110.89257812,4.77315283,128
149.82137601,18094.71875000,4.76930141,0
149.84181037,18109.05078125,4.77282000,0
149.86224483,18104.73437500,4.77559233,0
149.88267919,18103.04687500,4.76900196,0
149.90311345,18104.78515625,4.77182341,0
149.92354791,18102.70703125,4.77060175,0
149.94398227,18103.99804688,4.77574968,0
149.96441663,18103.81250000,4.77080011,0
149.98485089,18095.31054688,4.77142239,0
150.00528535,18095.18164062,4.77220631,0
150.02571971,18090.12304688,4.77407694,0
150.04615397,18110.41406250,4.77667618,0
150.06658843,18108.10351562,4.77487326,0
150.08702278,18104.63671875,4.77083683,0
150.10745704,18098.47460938,4.77467060,0
150.12789140,18097.52343750,4.77182865,0
150.14832586,18102.46289062,4.77451229,0
150.16876012,18097.71484375,4.77599573,0
150.18919448,18100.06445312,4.77379990,0
150.20962894,18104.46679688,4.77585411,0
150.23006320,18097.35742188,4.77444887,0
150.25049755,18108.51367188,4.77654696,0
150.27093191,18111.88281250,4.77692461,0
150.29136637,18112.64257812,4.77445650,0
150.31180063,18096.17968750,4.77435446,0
150.33223498,18101.60937500,4.77241230,0
150.35266924,18111.54492188,4.76872492,0
150.37310370,18106.78906250,4.77295923,0
150.39353806,18105.10937500,4.77298546,0
150.41397231,18097.51953125,4.77120638,0
150.43440677,18103.65039062,4.77129030,0
150.45484113,18105.73437500,4.77204847,8192
150.47527548,18109.27148438,4.77339315,0
150.49570974,18085.24414062,4.77528715,0
150.51614420,18097.14062500,4.77160168,0
150.53657855,18102.62500000,4.77132368,0
150.55701281,18095.42968750,4.77099943,0
150.57744727,18102.05078125,4.77129698,0
150.59788162,18095.30468750,4.77081871,0
150.61831588,18102.95312500,4.77378130,0
150.63875023,18100.87890625,4.77375746,0
150.65918469,18103.54492188,4.77461100,0
150.67961895,18106.85742188,4.77208090,0
150.70005330,18093.51562500,4.77269888,0
150.72048776,18101.94531250,4.77183914,0
150.74092211,18096.82421875,4.77231264,0
150.76135637,18093.91992188,4.76761341,8192
150.78179072,18091.46484375,4.76717329,0
150.80222518,18101.95312500,4.77460194,0
150.82265943,18100.48242188,4.77205992,0
150.84309378,18103.15039062,4.77468586,0
150.86352824,18105.06640625,4.77690458,0
150.88396249,18100.76953125,4.77369499,0
150.90439685,18101.50000000,4.77420998,0
150.92483120,18105.56054688,4.77561617,0
150.94526555,18103.72265625,4.77502346,0
150.96569991,18099.56250000,4.77358723,0
150.98613426,18103.47460938,4.77415609,0
151.00656852,18105.98632812,4.77500248,0
151.02700297,18098.38476562,4.77230978,0
151.04743732,18098.29687500,4.77097082,8192
151.06787158,18093.15234375,4.76490879,0
151.08830603,18103.68164062,4.77324247,0
151.10874038,18099.94726562,4.76653814,0
151.12917463,18108.61132812,4.76844168,0
151.14960899,18101.25000000,4.77322054,0
151.17004344,18107.30468750,4.77262735,0
151.19047769,18105.04296875,4.76913166,0
151.21091204,18106.08789062,4.77599478,0
151.23134649,18103.62500000,4.77655077,0
151.25178085,18100.77148438,4.77477694,0
151.27221510,18098.55859375,4.77470875,0
151.29264945,18109.35546875,4.76968575,0
151.31308390,18100.22460938,4.76992369,0
151.33351815,18102.90625000,4.77238798,0
151.35395250,18096.38671875,4.77087450,0
151.37438696,18106.91210938,4.77545643,0
151.39482121,18104.82812500,4.76988602,0
151.41525556,18107.94335938,4.77095175,0
151.43568991,18104.41015625,4.76754522,0
151.45612426,18105.95703125,4.76766872,0
151.47655861,18099.73242188,4.76603460,0
151.49699296,18094.37890625,4.76775455,0
151.51742731,18098.00390625,4.76676655,0
151.53786166,18097.84179688,4.76191330,0
151.55829601,18091.96289062,4.76211071,0
151.57873036,18106.50976562,4.76985216,0
151.59916481,18094.65625000,4.76771736,0
151.61959906,18103.08007812,4.76829815,0
151.64003341,18098.41015625,4.76806784,0
151.68090211,18102.58007812,4.77373123,0
151.70133646,18098.41406250,4.77241564,0
151.72177080,18090.78906250,4.77273321,0
151.74220515,18101.42578125,4.77063656,0
151.76263950,18099.73046875,4.77495289,0
151.78307385,18096.11523438,4.77018976,0
151.80350810,18100.36523438,4.77502012,0
151.82394255,18102.16406250,4.76436853,0
151.84437689,18099.31835938,4.77052355,0
151.86481114,18095.40429688,4.77151585,0
151.88524559,18103.94921875,4.77091408,0
151.90567994,18101.46093750,4.76853418,0
151.92611419,18103.96875000,4.77180576,0
151.94654853,18091.82421875,4.77098703,0
151.96698298,18100.96093750,4.77051544,0
151.98741733,18106.07421875,4.76125145,0
152.00785157,18101.21875000,4.77128792,0
152.02828602,18106.56054688,4.77489090,0
152.04872037,18105.04492188,4.77338696,0
152.06915461,18106.30078125,4.77196074,0
152.08958896,18105.70312500,4.77488661,0
152.11002341,18100.95507812,4.77565527,0
152.13045765,18102.65039062,4.77488995,0
152.15089200,18111.81054688,4.77640009,0
152.17132635,18104.51953125,4.77718925,0
152.19176069,18104.28515625,4.77421665,0
152.21219504,18104.32031250,4.76786375,0
152.23262938,18110.17187500,4.76856232,0
152.25306383,18107.14062500,4.77093792,0
152.27349807,18112.43164062,4.77386808,0
152.31436666,18098.70898438,4.77388668,0
152.33480111,18116.98828125,4.77312756,0
152.35523545,18103.34570312,4.76854801,0
152.37566970,18127.97460938,4.77413273,0
152.39610414,18111.91796875,4.76809025,0
152.41653849,18104.48046875,4.77014923,0
152.43697283,18112.36328125,4.77213764,0
152.45740708,18094.54882812,4.77492285,0
152.47784152,18106.81250000,4.77214861,0
152.49827586,18103.43554688,4.76890850,0
152.51871011,18112.13281250,4.77243900,0
152.53914455,18107.01171875,4.76757383,0
152.55957889,18104.20117188,4.77218151,0
152.58001314,18101.28515625,4.77306604,0
152.60044748,18104.72460938,4.76801109,0
152.62088192,18103.63476562,4.76281357,0
152.64131617,18110.78906250,4.76706791,0
152.68218485,18110.59960938,4.77152538,0
152.70261919,18109.06640625,4.77566338,0
152.72305354,18104.08398438,4.77292156,16
152.74348788,18118.20898438,4.77407694,16
152.76392232,18102.78710938,4.75951004,16
152.78435656,18111.50976562,4.76648235,16
152.80479090,18102.18554688,4.76836538,8208
152.82522515,18109.52539062,4.76327276,16
152.84565959,18104.29101562,4.76762819,8208
152.86609393,18116.05468750,4.76648664,0
152.88652817,18107.58007812,4.76340914,0
152.90696261,18112.64453125,4.76182747,0
152.92739695,18112.99804688,4.76887083,16
152.94783129,18104.94726562,4.76863337,16
152.96826553,18104.41015625,4.76603413,16
152.98869997,18109.50585938,4.77193642,16
153.00913431,18116.51953125,4.77475595,16
153.02956855,18108.89648438,4.76743412,16
153.05000299,18109.62500000,4.76233006,16
153.07043733,18107.67968750,4.76843596,16
153.09087157,18115.70898438,4.77402258,16
153.11130591,18098.62890625,4.77366829,16
153.13174035,18111.58593750,4.76740217,0
153.15217459,18107.14062500,4.77140999,0
153.17260893,18114.27148438,4.77131987,8192
153.19304327,18103.87890625,4.76604223,0
153.21347771,18108.37890625,4.77030754,0
153.23391205,18107.52343750,4.77163649,0
153.25434629,18113.95312500,4.76936054,0
153.27478073,18110.87500000,4.77098417,0
153.29521507,18113.69531250,4.76819229,0
153.31564930,18108.64257812,4.77475071,0
153.33608364,18099.56835938,4.76692915,0
153.35651798,18107.33789062,4.77290106,0
153.37695232,18099.88476562,4.77175283,0
153.39738666,18109.54882812,4.77307796,0
153.41782109,18110.64257812,4.77245855,0
153.43825543,18109.14257812,4.77049923,0
153.45868967,18106.91406250,4.77042055,0
153.47912401,18101.07031250,4.77171278,0
153.49955844,18106.01562500,4.77468777,0
153.51999268,18107.42187500,4.77558613,0
153.54042702,18113.00781250,4.77250719,0
153.56086145,18114.50195312,4.77418900,0
153.58129569,18109.31640625,4.77049446,0
153.60173003,18112.95507812,4.78001976,0
153.62216436,18108.57421875,4.77187538,0
153.64259870,18108.42773438,4.77453852,0
153.66303303,18112.90429688,4.77759123,0
153.68346737,18115.94726562,4.77567720,128
153.70390161,18115.46484375,4.77787733,0
153.72433604,18112.74804688,4.77647114,0
153.74477038,18108.06835938,4.77695704,0
153.76520461,18112.47851562,4.77756596,0
153.78563905,18108.11523438,4.78055429,0
153.80607338,18109.44335938,4.77844858,0
153.82650762,18107.64257812,4.77723837,0
153.84694195,18111.07617188,4.77676249,0
153.86737639,18114.33203125,4.77954292,0
153.88781062,18102.13867188,4.77888680,0
153.90824496,18110.63476562,4.77841854,0
153.92867939,18107.26562500,4.77515697,0
153.94911372,18111.78125000,4.77734900,0
153.96954796,18104.71093750,4.77516127,0
153.98998229,18100.94335938,4.77600050,0
154.01041673,18107.04492188,4.77915907,0
154.03085096,18106.71093750,4.77863216,0
154.05128529,18110.16406250,4.78010893,0
154.07171973,18113.74609375,4.77848101,0
154.09215396,18104.06835938,4.77664375,0
154.11258829,18105.87304688,4.77769184,0
154.13302262,18110.15625000,4.77647686,0
154.15345696,18104.49804688,4.77605963,0
154.17389129,18112.36328125,4.77202415,0
154.19432562,18108.13867188,4.77817059,0
154.21475995,18105.87695312,4.77648592,0
154.23519429,18104.80859375,4.77628469,0
154.25562862,18105.83789062,4.77663374,0
154.27606285,18111.77343750,4.77713537,0
154.29649728,18109.66210938,4.77679920,0
154.31693161,18111.78320312,4.78069353,0
154.33736584,18110.05078125,4.77732849,0
154.35780018,18113.49804688,4.77821779,0
154.37823461,18103.03710938,4.77383327,0
154.39866884,18116.85546875,4.77600908,0
154.41910317,18105.00585938,4.77481222,0
154.43953760,18103.77148438,4.77704096,0
154.45997193,18108.29101562,4.77764130,0
154.48040616,18111.67187500,4.77413464,0
154.50084049,18107.01171875,4.77416134,0
154.52127492,18107.16992188,4.77533293,0
154.54170915,18112.61328125,4.77592850,0
154.56214348,18117.15429688,4.77705669,0
154.58257791,18108.16406250,4.77945709,0
154.60301214,18104.98242188,4.77626276,0
154.62344647,18107.66406250,4.77165890,0
154.64388080,18114.75585938,4.77658272,0
154.66431513,18114.13085938,4.77506495,0
154.68474946,18114.73632812,4.77561617,0
154.70518378,18112.11523438,4.77685261,0
154.72561821,18107.48828125,4.77235031,0
154.74605244,18117.25976562,4.77884007,0
154.76648677,18105.17187500,4.77741337,8192
154.78692110,18103.88085938,4.77512026,0
154.80735543,18109.17382812,4.77148819,0
154.82778975,18101.61914062,4.77039242,0
154.84822398,18107.56054688,4.77372265,0
154.86865841,18110.02734375,4.77420425,0
154.88909274,18104.38476562,4.77100086,0
154.90952706,18104.39843750,4.76563072,0
154.92996139,18110.22656250,4.76982498,0
154.95039572,18100.80664062,4.76998949,8192
154.97083005,18094.52929688,4.76391125,0
154.99126437,18111.67187500,4.77297068,0
155.01169860,18113.57031250,4.77129269,0
155.03213303,18104.05078125,4.77018356,0
155.05256735,18107.05664062,4.77022219,0
155.07300158,18118.26757812,4.77539206,0
155.09343600,18111.89843750,4.77398348,0
155.11387033,18111.26953125,4.76781034,0
155.13430456,18110.03710938,4.77399540,0
155.15473888,18102.48242188,4.77119923,0
155.17517331,18103.42187500,4.77133846,0
155.19560763,18105.94726562,4.76975060,0
155.21604186,18107.02734375,4.77516747,0
155.23647618,18105.48242188,4.76856613,0
155.25691061,18114.70312500,4.77647877,128
155.29777916,18108.18359375,4.77642345,0
155.31821358,18111.81835938,4.77123594,0
155.33864781,18113.74414062,4.77124691,0
155.35908213,18112.35937500,4.77449274,0
155.37951645,18110.44335938,4.77276230,0
155.39995078,18104.49218750,4.77040768,0
155.42038510,18107.36914062,4.77112532,0
155.44081943,18110.82617188,4.77413273,0
155.46125385,18109.48437500,4.77245045,0
155.48168807,18108.48437500,4.77394295,8192
155.50212239,18109.15820312,4.77869129,0
155.52255662,18111.07031250,4.77327156,0
155.54299104,18112.18359375,4.77284622,0
155.58385959,18103.94921875,4.77088928,0
155.60429401,18112.19726562,4.77776241,0
155.62472833,18118.07031250,4.78032255,0
155.64516265,18107.98632812,4.77911854,0
155.66559687,18114.46093750,4.77623034,0
155.68603130,18107.42578125,4.77334929,0
155.70646562,18111.57421875,4.77863121,0
155.72689984,18102.22851562,4.77253389,0
155.74733416,18091.03125000,4.77772570,0
155.76776858,18098.90039062,4.77496386,0
155.78820280,18111.59179688,4.77703762,0
155.80863712,18111.03710938,4.77883196,0
155.82907155,18114.28906250,4.77759123,0
155.84950577,18113.52148438,4.77481985,0
155.86994009,18113.91601562,4.77934790,0
155.89037441,18109.47265625,4.77555227,0
155.91080883,18106.75000000,4.77829361,0
155.93124305,18104.75976562,4.77832508,0
155.95167737,18113.07617188,4.78020477,0
155.97211179,18114.71484375,4.78118658,0
155.99254601,18115.68945312,4.77575779,0
156.01298033,18106.39453125,4.77665138,0
156.03341455,18111.96289062,4.77915382,0
156.05384896,18110.92578125,4.77853060,0
156.07428328,18104.90234375,4.77319241,0
156.09471760,18111.13476562,4.77744007,0
156.11515192,18113.37109375,4.77884579,0
156.13558624,18112.28320312,4.77894878,0
156.15602056,18110.95507812,4.77805901,0
156.17645478,18106.00781250,4.78100824,0
156.19688919,18118.96289062,4.78390312,0
156.21732351,18114.50585938,4.77982950,0
156.23775773,18099.78906250,4.77773476,0
156.25819205,18115.05859375,4.78070116,0
156.27862647,18110.84570312,4.77920771,0
156.29906068,18109.91015625,4.78066111,0
156.31949500,18114.45703125,4.77929640,0
156.33992942,18109.36718750,4.77828121,0
156.36036363,18103.52734375,4.77833700,0
156.38079795,18112.51757812,4.77882290,0
156.40123227,18115.26953125,4.78149414,0
156.42166668,18112.91406250,4.77874994,0
156.44210090,18110.85937500,4.77742147,0
156.46253522,18115.05468750,4.77979279,0
156.48296963,18102.02343750,4.78030396,0
156.50340385,18108.16210938,4.77425051,0
156.52383816,18101.13085938,4.77508593,0
156.54427248,18103.23242188,4.77793932,0
156.56470680,18107.17187500,4.77799845,0
156.58514111,18098.85742188,4.78096008,0
156.60557543,18103.19531250,4.77569628,0
156.62600974,18106.38281250,4.77779722,0
156.64644406,18105.89257812,4.77734470,0
156.66687837,18099.45898438,4.77361345,0
156.68731268,18104.62500000,4.77958918,0
156.70774700,18103.90429688,4.77639341,0
156.72818131,18111.45117188,4.78244019,0
156.74861563,18106.08007812,4.78178120,0
156.76904984,18103.33203125,4.78119802,0
156.78948426,18098.60937500,4.78076124,0
156.80991857,18108.05273438,4.78145599,0
156.83035288,18116.21484375,4.78350210,0
156.85078720,18114.24414062,4.78041506,0
156.87122151,18098.54687500,4.77833652,0
156.89165582,18109.40820312,4.77872467,0
156.91209003,18104.89843750,4.77716875,0
156.93252445,18111.97265625,4.78011513,8192
156.95295876,18112.96093750,4.78048086,0
156.97339297,18106.79687500,4.78129101,0
156.99382738,18100.15429688,4.78018618,0
157.01426170,18104.92968750,4.78229570,0
157.03469591,18101.33007812,4.78008938,0
157.05513022,18110.97851562,4.78048420,0
157.07556463,18108.43554688,4.78016710,0
157.09599884,18113.09375000,4.78049898,0
157.11643315,18104.89257812,4.78062773,0
157.13686757,18106.11914062,4.77597523,0
157.15730188,18118.47265625,4.78625584,0
157.17773609,18095.54687500,4.77997541,0
157.19817040,18100.29882812,4.78010082,0
157.21860481,18102.23242188,4.78137255,0
157.23903902,18106.14062500,4.78127813,0
157.25947333,18109.61914062,4.77941132,0
157.27990764,18110.46484375,4.77958059,0
157.30034195,18105.75000000,4.77870560,0
157.32077626,18107.10156250,4.78393030,0
157.34121057,18109.17382812,4.77894545,0
157.36164488,18104.27343750,4.77913857,0
157.38207919,18115.69531250,4.78073120,0
157.40251350,18105.66796875,4.77955627,0
157.42294771,18102.32031250,4.77713251,0
157.44338212,18118.78125000,4.78250122,0
157.46381642,18109.75585938,4.78114939,0
157.48425063,18113.24414062,4.77831793,0
157.50468504,18109.62695312,4.78560495,0
157.52511935,18105.76953125,4.77692175,0
157.54555356,18109.26562500,4.77680111,0
157.56598787,18113.41992188,4.78502655,8192
157.58642227,18098.90625000,4.78013086,0
157.60685648,18103.03125000,4.78302670,0
157.62729079,18111.75000000,4.77858734,0
157.64772520,18105.32031250,4.78347540,0
157.66815950,18108.85742188,4.78037071,0
157.68859371,18099.61328125,4.77780485,0
157.70902802,18109.84960938,4.78327608,0
157.72946242,18106.89257812,4.78245449,0
157.74989663,18108.11914062,4.78440332,0
157.77033094,18100.78125000,4.78397417,0
157.79076534,18108.15429688,4.78084183,0
157.81119955,18099.51562500,4.77991104,0
157.83163386,18106.06054688,4.78232908,0
157.85206816,18100.50976562,4.77663946,0
157.87250247,18113.42773438,4.78631592,0
157.89293677,18115.41601562,4.78274345,0
157.91337108,18112.96679688,4.78032446,0
157.93380528,18102.89843750,4.77865028,0
157.95423969,18100.90625000,4.78004074,0
157.97467399,18102.07421875,4.77670479,0
157.99510820,18101.95703125,4.77897692,0
158.01554260,18110.02734375,4.78150988,0
158.03597691,18103.44531250,4.78259373,0
158.05641111,18108.90039062,4.78333521,0
158.07684542,18116.49218750,4.78380919,128
158.09727982,18110.06640625,4.77871084,0
158.11771412,18110.22070312,4.77957058,0
158.13814833,18098.23632812,4.78296566,0
158.15858273,18111.59765625,4.77871323,0
158.17901703,18106.96484375,4.77833033,8192
158.19945124,18104.15234375,4.77662945,128
158.21988554,18102.34960938,4.77179480,0
158.24031994,18096.33203125,4.77882862,0
158.28118845,18110.47265625,4.77989721,0
158.30162285,18099.61523438,4.78234053,0
158.32205715,18109.02343750,4.77790689,0
158.34249135,18098.52539062,4.77835369,0
158.36292566,18105.22265625,4.77687311,0
158.38336006,18110.91015625,4.77961302,0
158.40379436,18104.61914062,4.78239870,0
158.42422856,18100.00000000,4.77931881,0
158.44466286,18108.48437500,4.77992630,0
158.46509726,18109.92968750,4.78463268,0
158.48553146,18101.54101562,4.78318501,0
158.50596576,18102.23437500,4.77727890,0
158.52640017,18108.45507812,4.78374147,0
158.54683437,18094.54882812,4.78221130,0
158.56726867,18106.35351562,4.78379536,0
158.58770297,18110.33984375,4.78175497,0
158.60813727,18104.17187500,4.78280401,0
158.62857157,18102.74609375,4.78230762,0
158.64900587,18108.40234375,4.78219080,0
158.66944027,18110.86523438,4.78386831,0
158.68987447,18108.15820312,4.78192949,0
158.71030876,18105.57812500,4.78042173,0
158.73074296,18114.41406250,4.78371239,0
158.75117736,18103.68359375,4.78203011,0
158.77161166,18102.76562500,4.78163910,0
158.79204596,18114.46484375,4.78370380,0
158.81248026,18099.72656250,4.78226900,0
158.83291456,18105.94726562,4.78197908,8192
158.85334885,18106.84765625,4.78367329,0
158.87378305,18115.45703125,4.78396845,0
158.89421745,18102.86914062,4.78307343,0
158.91465175,18110.08789062,4.78341866,0
158.93508595,18101.50390625,4.78548098,0
158.95552034,18103.92187500,4.78097391,0
158.97595464,18104.52734375,4.78351498,0
158.99638884,18098.14062500,4.77960110,0
159.01682313,18111.95703125,4.78502274,0
159.03725753,18126.30859375,4.78675318,128
159.05769173,18108.90429688,4.78470516,0
159.07812602,18109.55078125,4.78570032,0
159.09856032,18099.41210938,4.78041697,0
159.11899472,18105.58398438,4.78045225,8192
159.13942891,18110.68945312,4.78069925,0
159.15986321,18105.45898438,4.78136539,0
159.18029760,18105.14062500,4.78341722,0
159.20073180,18108.01757812,4.78340912,0
159.22116609,18106.00976562,4.78305387,0
159.24160029,18105.81640625,4.77756405,0
159.26203468,18108.69531250,4.78469658,0
159.28246898,18097.42382812,4.78150320,0
159.30290327,18106.81054688,4.78531170,0
159.32333757,18101.33398438,4.78472328,0
159.34377186,18108.17968750,4.78330803,0
159.36420616,18110.56640625,4.78541327,0
159.38464035,18100.16406250,4.78189373,0
159.40507474,18109.86914062,4.78024387,0
159.42550904,18106.93750000,4.77910995,0
159.44594323,18107.26757812,4.78448057,0
159.46637762,18113.45312500,4.78470373,0
159.48681192,18104.35742188,4.78658628,128
159.50724611,18101.24414062,4.78117752,0
159.52768040,18099.33007812,4.77781916,0
159.54811480,18104.00781250,4.78027391,0
159.56854899,18115.06445312,4.78225183,0
159.58898328,18104.66406250,4.78075314,0
159.60941757,18110.93554688,4.78130054,0
159.62985196,18108.46484375,4.78467703,0
159.65028616,18100.22656250,4.78147078,0
159.67072045,18103.60156250,4.78260422,0
159.69115484,18101.69335938,4.77943563,0
159.71158903,18103.41406250,4.78426647,0
159.73202332,18112.22656250,4.78110218,0
159.75245761,18107.57421875,4.78363991,0
159.77289190,18111.04296875,4.78236246,0
159.79332620,18104.16796875,4.78345346,0
159.81376049,18113.81445312,4.77778769,0
159.83419478,18102.63085938,4.77834511,0
159.85462907,18111.84375000,4.77852821,0
159.87506336,18102.66015625,4.77744961,0
159.89549755,18096.06445312,4.77625608,0
159.91593194,18093.50390625,4.77747583,0
159.93636623,18103.59570312,4.77099037,0
159.95680052,18100.35351562,4.77799892,0
159.97723480,18099.40625000,4.77576685,0
159.99766909,18103.29687500,4.77943277,0
160.01810338,18099.20117188,4.77723312,0
160.03853767,18100.83789062,4.77938747,0
160.05897196,18104.69531250,4.77586222,0
160.07940625,18111.72460938,4.77809668,128
160.09984054,18104.77929688,4.77563477,0
160.12027472,18112.02734375,4.78089523,0
160.14070911,18105.42968750,4.78120852,0
160.16114340,18106.44531250,4.78331566,0
160.18157759,18106.93554688,4.77992535,0
160.20201198,18106.50195312,4.77897978,0
160.22244626,18100.21679688,4.77996445,0
160.24288045,18103.33789062,4.78108835,0
160.26331474,18111.36523438,4.78316307,0
160.28374912,18098.28710938,4.78390265,8192
160.30418331,18102.54882812,4.78152609,0
160.32461760,18107.06445312,4.78203011,0
160.34505198,18105.86328125,4.78081369,0
160.36548627,18105.30078125,4.77924967,0
160.38592046,18106.21093750,4.77912807,0
160.40635474,18101.33007812,4.78053284,8192
160.42678913,18110.34375000,4.78200912,0
160.44722331,18098.39453125,4.77650118,0
160.46765760,18105.58789062,4.77779531,0
160.48809198,18103.04101562,4.78011131,0
160.50852617,18109.53515625,4.78238821,0
160.52896045,18096.16210938,4.78163719,0
160.54939474,18103.70703125,4.78067017,0
160.56982902,18097.62890625,4.78086424,0
160.59026331,18100.38867188,4.78138876,0
160.61069759,18103.34570312,4.77856493,0
160.63113177,18102.25976562,4.78019381,0
160.65156616,18103.24414062,4.78273630,0
160.67200044,18100.00781250,4.77352238,0
160.69243463,18090.91992188,4.77529860,0
160.71286901,18105.68554688,4.77876520,0
160.73330329,18100.44531250,4.78063774,0
160.75373748,18102.48632812,4.78007507,0
160.77417176,18100.35937500,4.77308559,0
160.79460614,18094.04296875,4.77985954,0
160.81504042,18106.63867188,4.77697515,0
160.83547461,18104.54296875,4.77876091,0
160.85590899,18103.42968750,4.77957821,0
160.87634327,18097.97265625,4.78083801,0
160.89677745,18105.53515625,4.77664423,0
160.91721173,18101.01367188,4.78364611,0
160.93764612,18101.18750000,4.78102398,0
160.95808030,18098.83593750,4.77820587,0
160.97851458,18103.96679688,4.78268194,0
160.99894896,18099.98632812,4.78242970,8192
161.01938314,18102.29492188,4.78591061,0
161.03981742,18111.71679688,4.77936077,0
161.06025170,18096.80273438,4.78132343,0
161.08068598,18101.55468750,4.78218842,0
161.10112026,18095.73242188,4.78153801,0
161.12155454,18097.97070312,4.78148842,0
161.14198892,18100.16992188,4.77762747,0
161.16242310,18097.00976562,4.77999449,0
161.18285738,18096.50195312,4.78048229,0
161.20329156,18099.01953125,4.78204346,0
161.22372594,18103.28710938,4.78380060,0
161.26459450,18100.42382812,4.78100014,0
161.28502868,18101.20117188,4.78317690,0
161.30546305,18112.01171875,4.78669310,128
161.32589733,18094.39062500,4.78128529,0
161.34633151,18099.68750000,4.78060865,0
161.36676589,18091.31640625,4.78293085,0
161.38720017,18092.40039062,4.78109455,0
161.40763434,18097.02148438,4.77855396,0
161.42806862,18096.25000000,4.78476715,0
161.44850300,18091.09375000,4.78107214,0
161.46893718,18084.85156250,4.78212404,0
161.48937145,18088.50390625,4.77937698,0
161.50980583,18102.19921875,4.78393602,0
161.53024001,18096.33593750,4.78295898,0
161.55067428,18089.50000000,4.78347921,0
161.57110856,18106.82226562,4.78516293,0
161.59154294,18100.84179688,4.78512764,0
161.61197711,18089.55664062,4.78019905,0
161.63241139,18090.90625000,4.78154039,16
161.65284576,18089.20507812,4.77921486,16
161.67328004,18095.60156250,4.77847767,16
161.69371421,18092.63671875,4.78432798,16
161.71414849,18098.39648438,4.78316450,8208
161.73458286,18093.34375000,4.77963638,16
161.75501704,18096.24804688,4.77944899,16
161.77545131,18094.30273438,4.78338671,16
161.79588559,18097.04296875,4.78051853,16
161.81631986,18100.81835938,4.78111267,16
161.83675414,18097.24218750,4.78512955,16
161.85718841,18090.16601562,4.78040695,16
161.87762278,18099.36718750,4.78123999,16
161.89805696,18096.99804688,4.78311729,16
161.91849123,18090.66406250,4.78282499,16
161.93892541,18093.39648438,4.78365040,0
161.95935978,18087.91796875,4.77975178,0
161.97979405,18099.61132812,4.78547144,0
162.00022832,18097.05078125,4.78439617,0
162.02066260,18100.76171875,4.78404951,0
162.04109687,18095.23046875,4.78585958,0
162.06153114,18096.91406250,4.78106785,0
162.08196531,18096.81054688,4.78490543,0
162.10239969,18092.76367188,4.78509951,0
162.12283396,18746.50585938,4.95314407,2176
162.14326813,18096.04687500,4.78300714,8192
162.16370250,18089.49414062,4.78378534,8192
162.18413677,18091.36718750,4.78366566,0
162.20457094,18097.30859375,4.78314972,0
162.22500521,18097.09960938,4.78465128,0
162.24543958,18084.07226562,4.78047705,0
162.26587375,18098.28515625,4.78237200,0
162.28630803,18092.74804688,4.78466320,0
162.30674240,18096.82031250,4.77970457,0
162.32717667,18092.31054688,4.78144073,0
162.34761084,18090.95312500,4.77993345,8192
162.36804511,18096.86914062,4.78357792,0
162.38847947,18083.35742188,4.78104925,0
162.40891364,18091.19921875,4.78213358,0
162.42934791,18095.25781250,4.78193235,0
162.44978208,18086.75585938,4.77781963,0
162.47021645,18090.78125000,4.78076410,0
162.49065072,18080.55078125,4.78166056,0
162.51108439,18097.12304688,4.78092432,0
162.53151876,18094.80859375,4.78090286,0
162.55195292,18087.12304688,4.78198147,0
162.57238719,18094.00390625,4.78222990,0
162.59282146,18087.94921875,4.77807760,0
162.61325583,18095.19726562,4.78125858,0
162.63369000,18097.58593750,4.78302145,16
162.65412426,18096.31445312,4.78118658,16
162.67455863,18086.43359375,4.78119326,16
162.69499280,18091.41796875,4.78326273,16
162.71542706,18088.58593750,4.78016758,16
162.73586133,18083.30078125,4.78094053,16
162.75629560,18090.37695312,4.77853584,16
162.77672986,18088.93554688,4.78246689,16
162.79716413,18093.21484375,4.78147697,16
162.81759840,18079.90234375,4.77828312,16
162.83803266,18093.74804688,4.78344870,16
162.85846693,18102.69531250,4.78360319,8208
162.87890109,18086.87304688,4.77883720,16
162.89933546,18087.88671875,4.77904224,16
162.91976972,18094.75195312,4.77747107,16
162.94020389,18088.91406250,4.77697277,16
162.96063815,18092.32617188,4.78153706,16
162.98107252,18089.43164062,4.78129864,8208
163.00150668,18090.34375000,4.78340912,16
163.02194094,18104.86718750,4.78263378,16
163.04237531,18094.04492188,4.77970123,16
163.06280957,18089.65234375,4.77867365,16
163.08324374,18093.32617188,4.78044271,16
163.10367800,18089.25195312,4.78391314,16
163.12411236,18097.95117188,4.78144932,16
163.14454653,18093.92968750,4.77789545,16
163.16498079,18093.04296875,4.78169918,16
163.18541515,18090.64843750,4.78340054,16
163.20584931,18095.43359375,4.78141069,16
163.22628358,18098.82812500,4.78331709,16
163.24671784,18085.24609375,4.78080463,16
163.26715210,18098.82226562,4.78309774,16
163.28758636,18083.39257812,4.77901268,16
163.30802063,18088.18750000,4.78019619,16
163.32845499,18093.98046875,4.78246641,16
163.34888915,18089.71679688,4.77972746,16
163.36932341,18089.28515625,4.78323698,16
163.38975757,18097.18359375,4.78134871,16
163.41019193,18090.64062500,4.78252077,16
163.43062619,18080.91601562,4.78159189,16
163.45106035,18092.15429688,4.78378820,16
163.47149471,18083.80273438,4.78336954,16
163.49192897,18093.62109375,4.78273201,16
163.51236323,18096.07421875,4.77906561,16
163.53279739,18090.16796875,4.78201008,16
163.55323175,18094.28710938,4.77746296,16
163.57366601,18098.73046875,4.77902985,16
163.59410017,18096.03906250,4.77889919,16
163.61453443,18099.57812500,4.78075886,16
163.63496879,18094.64648438,4.78049135,16
163.65540295,18097.73828125,4.77767563,16
163.67583721,18088.42578125,4.77701139,16
163.69627157,18094.19335938,4.77195406,16
163.71670572,18091.82031250,4.76997375,16
163.73713998,18090.87109375,4.76863432,16
163.75757424,18090.35546875,4.77043009,16
163.77800850,18089.15429688,4.77439642,16
163.79844275,18089.32031250,4.77106476,16
163.81887701,18097.37109375,4.77072382,16
163.83931137,18096.01562500,4.77626514,16
163.85974553,18090.93359375,4.77373886,16
163.88017978,18096.05273438,4.77230358,16
163.90061394,18096.64257812,4.77336264,16
163.92104830,18088.58398438,4.77719545,16
163.94148255,18089.22070312,4.77908659,16
163.96191681,18087.40625000,4.77776098,16
163.98235106,18089.94726562,4.77805233,16
164.00278532,18092.02734375,4.77543068,16
164.02321958,18100.85937500,4.77470112,16
164.04365373,18095.20703125,4.77339840,16
164.06408809,18097.98437500,4.77744246,16
164.08452234,18088.28320312,4.77183342,16
164.10495660,18100.32617188,4.77366066,16
164.12539075,18095.27148438,4.77501535,16
164.14582511,18093.09960938,4.77793789,16
164.16625926,18085.75000000,4.77019596,16
164.18669351,18091.26367188,4.77436018,16
164.20712787,18098.80273438,4.76817417,16
164.24799628,18099.21093750,4.76631498,0
164.26843053,18100.40625000,4.77263784,0
164.28886478,18095.62109375,4.77023458,0
164.30929904,18102.20312500,4.77003050,0
164.32973329,18098.52343750,4.76954365,0
164.35016764,18096.12500000,4.77182770,0
164.37060189,18090.08007812,4.77571440,0
164.39103605,18093.25195312,4.77744341,0
164.41147030,18096.96093750,4.77365541,0
164.43190455,18099.83984375,4.77223921,0
164.45233880,18091.37695312,4.77167749,0
164.47277305,18100.20507812,4.76805592,0
164.49320741,18103.02343750,4.76687288,0
164.51364156,18084.50585938,4.77350092,0
164.53407581,18100.46289062,4.77200794,0
164.55451006,18104.93359375,4.77899075,0
164.57494431,18089.04101562,4.77150297,0
164.59537856,18097.71875000,4.77231979,0
164.61581281,18087.83398438,4.77478313,0
164.63624696,18092.21289062,4.76981926,0
164.65668131,18097.22070312,4.77019978,0
164.67711556,18096.73828125,4.77440310,0
164.69754981,18090.22070312,4.77081966,0
164.71798406,18091.92773438,4.76982927,0
164.73841831,18100.85156250,4.76514816,0
164.75885256,18096.36132812,4.76360798,0
164.77928671,18096.58789062,4.77141333,0
164.79972106,18094.12304688,4.77576113,0
164.82015530,18091.67578125,4.77330065,0
164.84058945,18086.32812500,4.77040100,0
164.86102380,18094.05078125,4.77214718,0
164.88145805,18086.34375000,4.77059031,0
164.90189220,18098.97265625,4.77214479,0
164.92232645,18091.46679688,4.77426672,0
164.94276079,18089.77343750,4.77145004,8192
164.96319494,18093.99218750,4.77585745,0
164.98362919,18097.73828125,4.77154684,0
